        5359
       37817
       40577
       55807
        3037
       28592
       12085
       51548
       28772
       39209
       34305
       52995
       53315
       25304
       22421
       30516
       51406
       26251
       58068
       20633
        3098
       55444
        5684
       24306
       63282
       12998
       18307
       47696
       18597
       47826
        8245
        8571
       64750
       13712
       44307
       21643
        4441
        1713
       13388
       44710
       28596
       31968
       22487
       16709
       57650
       23786
       31812
       49985
       14618
       15536
        1014
       23610
        4699
       43328
       58715
       39168
       44888
       49376
       40269
       52231
       55716
       51006
        9767
       36321
       35647
       52840
       64764
        8492
       61935
       43292
        3753
       51870
       42307
       25770
        5325
       29741
       20584
       21737
        5319
       22267
       51281
        9666
       12640
       29408
       51146
       12382
       28069
       41411
       21781
       52288
       31930
        1187
       17466
       45491
       36816
        6441
       36764
       44760
       55873
       31224
       64816
        5591
       54274
       48470
       10127
       40551
       18448
       60519
       64616
       25736
       34360
       30373
       33816
       58564
        8276
       51214
       24831
       16612
        4801
       37915
       18174
       22956
       28978
       48150
       64316
       56958
        1874
       55995
       28931
       26413
       57754
       65232
       65228
       53694
       26074
       25392
       31735
       22410
       36763
       63456
       43090
       35103
       16255
       41406
       33034
       12560
       63636
       27269
       63767
       29383
